%YAML:1.0
---
camK: !!opencv-matrix
   rows: 3
   cols: 3
   dt: d
   data: [ 9.3838241863407870e+02, 0., 3.6260389221053401e+02, 0.,
       9.6917080737094057e+02, 3.5181392876244013e+02, 0., 0., 1. ]
camKc: !!opencv-matrix
   rows: 1
   cols: 4
   dt: d
   data: [ 6.4994131830931356e-01, -1.6296508676940746e+00,
       1.4995569699967196e-01, 1.0817237812578106e-02 ]
prjK: !!opencv-matrix
   rows: 3
   cols: 3
   dt: d
   data: [ 2.6693053844849260e+03, 0., 8.3258977311183753e+02, 0.,
       2.5892729140569431e+03, 2.2669077665822564e+02, 0., 0., 1. ]
prjKc: !!opencv-matrix
   rows: 1
   cols: 4
   dt: d
   data: [ 2.7804109346005207e-01, 2.6242842561666413e-01,
       8.0678714702480617e-03, 8.6402647750713629e-02 ]
R: !!opencv-matrix
   rows: 3
   cols: 3
   dt: d
   data: [ 9.9933740860961451e-01, 5.0114575049698762e-03,
       3.6050368196403136e-02, -1.1846225989179070e-02,
       9.8132986695029145e-01, 1.9196707832630178e-01,
       -3.4415268170299822e-02, -1.9226694340161304e-01,
       9.8073901308746114e-01 ]
T: !!opencv-matrix
   rows: 3
   cols: 1
   dt: d
   data: [ -2.1067015844502359e+02, 5.5296590066338513e+00,
       -1.0925252085545978e+01 ]
E: !!opencv-matrix
   rows: 3
   cols: 3
   dt: d
   data: [ -3.1972770279774532e-01, 9.6581055402485383e+00,
       7.5204410397168715e+00, -1.8168283105941345e+01,
       -4.0559658866715999e+01, 2.0621858392002903e+02,
       -3.0303487960683775e+00, -2.0676463020838054e+02,
       -4.0641081050419956e+01 ]
F: !!opencv-matrix
   rows: 3
   cols: 3
   dt: d
   data: [ -1.2764451058735207e-07, 3.7333040394724549e-06,
       1.5502335757415146e-03, -7.4774961489555548e-06,
       -1.6162782963532159e-05, 8.8041094409009563e-02,
       -1.4279775275591988e-03, -2.1278614214036359e-01,
       1.4337686395542363e+01 ]
modelPts:
   - !!opencv-matrix
      rows: 111
      cols: 3
      dt: d
      data: [ 8.5408720917456463e+01, -1.3502908779916967e+02,
          4.7327320634620769e+00, 2.6151964586551664e+01,
          -1.2759904154478532e+02, 2.5229716363998376e-02,
          4.0998700993144020e+01, -1.2660345896651090e+02,
          -2.9053938880946012e-02, 4.8307740016251472e+01,
          -1.2603286084222921e+02, -1.6188055295530093e-02,
          5.5665607988599504e+01, -1.2545503212980994e+02,
          1.2364002816107911e-01, 6.3426584752002675e+01,
          -1.2459534981441860e+02, 1.7635165739948071e+00,
          7.7556681919707344e+01, -1.2383326227242968e+02,
          7.5212544940069070e-01, 8.5179904744551052e+01,
          -1.2289522004792654e+02, 2.6140006864773904e+00,
          -4.1946693755028342e+01, -1.1889977335272800e+02,
          1.3741451337916202e+00, -5.7370235384404573e+01,
          -1.0657723894514510e+02, 1.4246792443383793e+00,
          -4.9225579157635742e+01, -1.0591960142681251e+02,
          2.1276559331054061e+00, 2.6624501174160542e+01,
          -1.0165511901815680e+02, -2.6133738128360923e-02,
          7.0652182813474269e+01, -9.8995572429737123e+01,
          -5.0077035470427536e-02, 1.4140197409689060e+02,
          -9.3961327658863198e+01, 4.4170324934901659e+00,
          4.9169443409590635e+01, -8.7403991284474927e+01,
          1.3527110842320202e-02, 7.1088183398759298e+01,
          -8.6069412561288019e+01, 6.0211162911233540e-01,
          1.2748635160019364e+02, -8.2839253382530131e+01,
          1.8524248628146573e+00, 1.5483486547927001e+02,
          -8.1074534154865631e+01, 3.6482169539956697e+00,
          4.4452925196661868e+00, -7.6942680679624658e+01,
          -5.8013462464061361e-01, 3.4622825094990240e+01,
          -7.5256038665172056e+01, 4.5214594548047278e-02,
          4.2059674460877751e+01, -7.4971261663966899e+01,
          -2.7015837862200430e-02, -4.9812462119577816e+01,
          -6.6646907592508711e+01, -1.2775178278789232e+00,
          2.7160595560638715e+01, -6.2852844066924398e+01,
          -8.4225109741417103e-01, 3.4825433621287118e+01,
          -6.2334678930108595e+01, 3.0807963463073688e-02,
          4.2263968449872102e+01, -6.2083770481354556e+01,
          -3.7096018887014581e-02, 1.5472957270162840e+02,
          -5.7022119363901233e+01, 9.2830111071346966e-01,
          1.6163119999413445e+02, -5.6529983022870681e+01,
          2.2150706512560618e+00, -4.1648005599039649e+01,
          -5.2955019216983217e+01, -1.2123208931459371e+00,
          -2.6573819628117853e+01, -5.2509598798225625e+01,
          -2.6725174331070263e+00, 1.9928865077163078e+01,
          -5.0202313474146571e+01, -5.6206895939369883e-01,
          2.7335365226617490e+01, -4.9908245833013048e+01,
          -9.2473885199233408e-01, 3.5086520317710615e+01,
          -4.9432786696734460e+01, 1.0261766247041755e-02,
          4.2510468220668784e+01, -4.9064605435759177e+01,
          1.1617775751211916e-01, 9.2700246357062454e+01,
          -4.7296054214946295e+01, -9.4140782138775170e-01,
          7.8869249844332586e+01, -3.5033434902926984e+01,
          -1.6810132116049253e-01, 9.2942474084666500e+01,
          -3.4639164296490947e+01, -6.7240445922664271e-01,
          1.4832839283078488e+02, -3.2721408385915041e+01,
          7.0964526592186972e-01, -4.1448029419888492e+01,
          -2.6558561489187195e+01, -1.8175403536955406e+00,
          -3.3271542379510457e+01, -2.6142923672191145e+01,
          -1.0145991766983444e+00, 1.2810067899068758e+02,
          -2.0972267115517056e+01, 4.5887757107863947e-01,
          1.3522347934798375e+02, -2.0616075802033290e+01,
          1.8021049487321492e+00, 1.4798309511310063e+02,
          -2.0758617965013443e+01, -1.4899499503804006e+00,
          -6.4926792311329578e+01, -1.4150378245695055e+01,
          -1.8623599642852988e+00, 1.6188560223690229e+02,
          -2.0062823610166959e+01, 1.2476924025334886e+00,
          1.4830481824346040e+02, -8.3613725115675610e+00,
          -5.3764849437618256e-01, 1.6158653368609171e+02,
          -8.1520189333690301e+00, -7.4317259348320264e-01,
          1.3520263461122815e+02, 3.8503754571831044e+00,
          7.5592101274901891e-01, 1.4863805770424187e+02,
          4.0016778886550677e+00, 5.5500576933098622e-01,
          1.6818538599389078e+02, 4.0346753965320703e+00,
          -1.1778634916052819e+00, -7.2884021388017075e+01,
          1.2005445818506546e+01, -3.1714781594786472e+00,
          -4.9029479597040016e+01, 1.2637028570145635e+01,
          -3.0010926124061155e+00, 1.3487488082687611e+02,
          1.5907342339160854e+01, -1.0677031582878731e+00,
          1.4200659686313352e+02, 1.6114903192637350e+01,
          2.9163432201530026e-01, 1.4833152764965098e+02,
          1.6000580320532094e+01, -1.2198099298251226e+00,
          1.6223601615312944e+02, 1.6393221100191617e+01,
          1.6319756178277143e+00, -7.1030401246538247e+01,
          2.5651640533905390e+01, 6.9250556769110672e-01,
          -6.4031899401988298e+01, 2.5581487928312054e+01,
          -1.6932725604453642e+00, -4.8605569425522113e+01,
          2.5831267399950733e+01, -2.4627257438500645e+00,
          -4.0269477972039205e+01, 2.6108830948441749e+01,
          -1.3181299650167946e+00, 1.4867986851126116e+02,
          2.8304237816125251e+01, 1.1253900449776527e-01,
          1.6195700245179702e+02, 2.8311317826555626e+01,
          1.5069778301953473e-02, -7.1941892623408023e+01,
          3.8547974469800110e+01, -2.0163646053315301e+00,
          -4.8098327653031816e+01, 3.8988668792387251e+01,
          -1.7041315339382836e+00, 1.4838711111763547e+02,
          4.0295192443754964e+01, -1.4441841756708711e+00,
          1.6168113347464194e+02, 4.0237534143667837e+01,
          -1.5036850930301917e+00, -6.2987160701382230e+01,
          5.1943107137390378e+01, -2.1493230608188241e-01,
          1.6201398040884462e+02, 5.2380916336715153e+01,
          4.0081987206674302e-02, -5.4040586025706254e+01,
          6.5178433389461645e+01, 1.7752415040936989e+00,
          1.1491204618733470e+02, 6.4956239428844128e+01,
